573556386
470967762
470995922
277688682
332476061
143250011
691142706
335876862
321672122
460266836
644207849
365501077
565919300
185697958
367058950
205102925
494297955
251598579
517501450
432447519
365375424
358187644
233202305
233670107
283338705
611746493
360689113
481602039
511025522
192980084
201344796
515176417
178957187
577478237
318302748
468963787
352336628
577718414
384917065
483261077
506385981
441696836
313938342
392366825
306743070
501201754
306551175
297274697
144000720
568225509
555367247
419947532
371349234
404639967
336694917
323868572
176291195
388628506
406659798
154154334
369359957
580299052
400707323
